File: C:\MED-PC\Data\2024-04-29_14h20m_Subject 765458-1.txt


Start Date: 04/29/24
End Date: 04/30/24
Subject: 765458-1
Experiment: 
Group: 
Box: 4
Start Time: 14:20:39
End Time: 10:24:51
MSN: PR Food-Right
D:       0.000
E:       0.000
F:    1000.000
G:     100.000
H:       0.000
I:     321.000
J:       0.000
K:       0.000
L:       0.000
M:       0.000
N:       0.000
O:       0.000
P:       0.000
Q:       0.000
R:       0.000
S:       0.000
T:    7381.000
U:       0.000
V:       0.000
W:       0.000
Y:       0.000
Z:       0.000
A:
     0:        5.000       60.000       30.000       10.000        1.000
     5:        1.000
B:
     0:      264.000        2.000        1.000       20.000        0.000
     5:        0.000     3462.000       12.000        4.575        0.000
    10:        0.000
C:
     0:        0.500     2521.100        0.200       15.100     1707.100
     5:      180.100        0.200     9403.100       23.100     9450.600
    10:        0.500      259.100     1066.100        0.200      324.100
    15:     8968.100       25.100    32008.100     1776.100      415.100
    20:      274.100        0.200     1335.100     2464.100      170.100
    25:      289.100      271.100      182.100      404.100      105.100
    30:      350.100        0.200     1346.100     4505.100      280.100
    35:      188.100      181.100      575.100      327.100    28698.100
    40:     2914.100      212.100      274.100      231.100        0.200
    45:     3428.100       37.100      650.100      197.100      755.100
    50:      332.100      249.100      329.100      226.100      250.100
    55:      102.100      247.100      327.100       34.100      279.100
    60:        0.200     4122.100     5345.100      148.100      351.100
    65:       28.100      170.100      221.100      346.100       58.100
    70:      423.100       24.100       32.100       14.100       22.100
    75:       17.100       10.100       91.100      614.100      309.100
    80:      213.100        0.200     7872.100      222.100      168.100
    85:       54.100     1026.100      180.100      255.100      188.100
    90:      162.100      243.100      322.100       67.100       93.100
    95:      119.100      259.100       42.100     5069.600        0.500
   100:       49.600        0.500       43.600        0.500       29.600
   105:        0.500    20169.100     2418.100      199.100      227.100
   110:      317.100      224.100       44.100     3953.100      124.100
   115:        0.200     4520.100       21.100     2396.100     4135.100
   120:      257.100      205.100       67.100     1822.100      213.100
   125:      208.100      150.100      144.100      287.100      463.100
   130:       92.100      112.100       66.100      412.100       12.100
   135:       10.100    14392.100      123.100      507.100      428.100
   140:      165.100      125.100       62.100      520.100       97.100
   145:      252.100      140.100       29.100        0.200     1588.100
   150:      632.100      341.100     2239.600        0.500        5.600
   155:        0.500       29.600        0.500      124.600        0.500
   160:     8674.100      119.100       67.100     2584.100       71.100
   165:      942.100       67.100      368.100      108.100      188.100
   170:      210.100      291.100      482.100      116.100       67.100
   175:      523.100     3564.600        0.500      437.600        0.500
   180:       38.600        0.500       96.600        0.500      576.100
   185:      449.100      396.100      111.100      160.100       90.100
   190:      235.100      177.100      229.100       70.100      546.100
   195:     6474.100      937.100       46.100      463.100      230.100
   200:      241.100       48.100    39983.100     3604.100      147.100
   205:        0.200       16.100     9201.100      286.100      239.100
   210:      152.100       59.100        9.100       19.100      811.100
   215:      291.100       61.100      514.100     1091.100      188.100
   220:      262.100       46.100      111.100      138.100      267.100
   225:      218.100      282.100      277.100      394.100      177.100
   230:     2783.100      161.100      885.100       11.100      106.100
   235:       22.100      434.600        0.500       83.600        0.500
   240:     1297.100      608.100       23.100      128.100      253.100
   245:      242.100       71.100      266.100      314.100      124.100
   250:     1092.100     3764.100     1437.100      130.100      882.100
   255:      332.100      271.100       89.100      127.100      277.100
   260:      739.100        0.200     8855.100      416.100      332.100
   265:      298.100       25.100      463.100      122.100       80.100
   270:      464.100       75.100      238.100      294.100      146.100
   275:      277.100       85.100      306.100      120.100      222.100
   280:       95.100      167.100      387.100      106.100     8925.100
   285:      406.100      702.100      152.100      207.100      381.100
   290:      222.100      227.100      345.100       46.100      210.100
   295:     1054.600        0.500       44.600        0.500       14.600
   300:        0.500       16.600        0.500      139.600        0.500
   305:     2147.100      491.100      125.100      257.100      312.100
   310:      118.100       42.100       44.100       54.100       16.100
   315:       18.100       27.100      254.100       62.100      463.100
   320:     7381.310
X:
     0:        1.000        2.000        4.000        6.000        9.000
     5:       12.000       15.000       20.000       25.000       32.000
    10:       40.000       50.000       62.000       77.000       95.000
    15:      118.000      145.000      178.000      219.000      268.000
    20:      328.000      402.000      492.000      603.000      737.000
    25:      901.000     1102.000     1347.000     1647.000     2012.000
